1.429350136772367108e-01 -1.422169152843534307e-03 -1.307561632438863919e-01 -3.140173089962068620e-04 4.932670334079070074e-03 -1.655053131852449178e-02 8.116900141880156738e-04 -4.466000377068013449e-03 -8.591012889121261292e-03 -1.107374270555572249e-01 6.708059173549107967e-04 1.222823835325195785e-01 -2.822611989017342893e-02 -3.791194295183625274e-04 3.092981290807317318e-02 -4.715563470147898784e-03 8.891096253600162813e-04 1.957696215040827248e-03 2.464238815840999464e-04 -2.252972371580286293e-04 7.278148389314176292e-04
-1.422166485687270665e-03 2.881901791651193812e-02 1.650343262202258465e-03 -8.070437260074281305e-04 3.338603698749276205e-03 -9.194149893167885557e-03 3.230905830882424556e-03 -2.744766022660938276e-03 9.299845864146026597e-03 -1.648682380894772592e-03 -3.923256424452452318e-02 -5.449460588891064106e-04 9.830666519716757534e-05 -6.248146750004873740e-03 -1.994408667438385407e-03 7.944072887497433122e-04 1.634842318066218395e-02 3.972679750163798928e-04 -2.457267179083524877e-04 -2.805679283901518772e-04 3.860476237883825323e-04
-1.307564141272282709e-01 1.650347394970984229e-03 2.801176277452549490e-01 -1.389947914252811362e-03 5.537312546544104208e-03 -1.344733188806193636e-02 -4.700298976978434240e-04 -5.643294931106934698e-03 -5.878977333956779405e-03 1.336382508396460889e-01 -1.117955379693891249e-03 -2.710728031830242357e-01 -2.069031040663471543e-04 -2.525362812651199551e-04 8.275771541207954662e-03 -1.110056274164494816e-03 -1.753553773606135457e-04 2.189537988070422436e-03 2.951005352719304753e-04 1.481977707218362639e-06 -1.838249974878136683e-04
-3.140201454004953874e-04 -8.070484635963300415e-04 -1.389949334476558995e-03 7.788847875365512152e-02 -8.518921008762725400e-02 2.920077807565951700e-03 -7.500948249736238971e-03 7.309805576777295144e-02 2.576802841715427825e-02 -1.383571879601253052e-02 3.013370193174873257e-02 6.926667416383425202e-03 -3.573476005361286845e-02 -1.146123251606970261e-02 -2.777562904311692282e-02 4.865378881627191454e-03 3.264016611929931866e-03 3.935248606978802854e-04 -2.536840992303605880e-02 -9.038283640017130693e-03 -6.842719903938504489e-03
4.932667569540472030e-03 3.338598191114129643e-03 5.537316455070384613e-03 -8.518949461710666193e-02 1.194534997165985768e+00 1.358477417876362281e-01 9.699633394953666166e-02 -7.917265651358751377e-01 -4.301800537002097025e-02 -2.849563780088493203e-02 -4.052139217209337063e-02 -1.680168839876539089e-02 2.068972801361201874e-02 1.311471626147704683e-02 6.887194294313836451e-03 -2.764386928658102427e-03 -7.673495813270789917e-03 -2.290122482567769069e-03 -6.169210627814114556e-03 -3.710668584376297652e-01 -8.616243624338937313e-02
-1.655053621636010108e-02 -9.194149235374350637e-03 -1.344733290543909110e-02 2.920113581755551940e-03 1.358473642067425935e-01 1.000369564583686310e-01 3.300856973006971451e-02 -7.270081525664884303e-02 1.514576865730603641e-02 1.287223445417540191e-02 4.344635787595016452e-02 -4.862067559764648994e-02 -2.823947633998069584e-02 -1.540767127660054581e-02 -7.790066187798871944e-03 2.643649222158761525e-03 6.986515966132724603e-03 4.026969979364913854e-03 -6.654554368610079984e-03 -8.897760214546246438e-02 -4.935162039759050101e-02
8.116873102745336688e-04 3.230905937132502737e-03 -4.700258793427503079e-04 -7.500960055937654775e-03 9.699600773865890702e-02 3.300858386972096992e-02 1.880987060604716321e-02 -7.797965466493916864e-02 -1.254720243745212349e-02 -6.801830418012855262e-03 -3.210406428956827374e-02 -6.422961822988293434e-03 -1.449060444932981362e-02 1.620950144288167694e-02 -9.562675102478546130e-03 1.776036918012258159e-03 -4.565740644868129805e-03 -8.300434936325817858e-04 7.395800276556278863e-03 -1.786955886956542727e-03 -3.175675239427966368e-03
-4.465995796398836148e-03 -2.744767485560401302e-03 -5.643302410512918144e-03 7.309834529689931970e-02 -7.917265739099677013e-01 -7.270097064349112514e-02 -7.797994663601842680e-02 7.573913061616754927e-01 6.338686795992692913e-02 1.331767907333802903e-02 3.559156193432000403e-02 1.490371464741430119e-02 -1.198127293983164421e-02 -6.848682411164305761e-03 -9.562856694414478831e-03 2.707280231641073787e-03 2.731570043420627342e-03 2.800467518201954498e-03 5.303910567766925710e-03 5.605585614881780643e-03 6.816079579689826584e-03
-8.591016057414579965e-03 9.299844906057817134e-03 -5.878978192166983696e-03 2.576801854969282962e-02 -4.301790598323917969e-02 1.514576094930469852e-02 -1.254719179350632929e-02 6.338672506775444582e-02 1.237637839973876677e-02 1.454936419764685240e-02 -3.819226895650229547e-02 -2.968102434258018674e-02 -1.847339058921870780e-02 1.728365043528364009e-02 1.073060352255184036e-03 2.359080078367936650e-04 -5.777946810915906423e-03 1.037493643718523373e-03 -9.416920322196861703e-04 -2.982098579448755338e-03 5.927309076728809467e-03
-1.107374011281095361e-01 -1.648678839121290023e-03 1.336379791419955998e-01 -1.383572673135198203e-02 -2.849563304671565156e-02 1.287226376844516351e-02 -6.801827309318997372e-03 1.331765408596474742e-02 1.454936993006790066e-02 7.931575382919553441e-01 -2.469531460594018291e-03 -1.951992722219117460e-01 -6.253895453810220939e-01 1.464247347686582768e-02 5.759701156012042578e-02 -3.391310288156090813e-02 3.870558763809529151e-03 -1.595838418395889580e-02 -2.479935248058361130e-03 7.831570921212893666e-04 -7.498967881401641389e-03
6.708039549871425145e-04 -3.923255767213611189e-02 -1.117941982820003233e-03 3.013370890946401315e-02 -4.052141481938886791e-02 4.344637264333539584e-02 -3.210406779278335287e-02 3.559153908341827766e-02 -3.819227924073149288e-02 -2.469479364580751124e-03 7.105887992065254566e-02 5.144553691022180075e-03 1.634652063933761390e-02 -2.489993322553341049e-02 4.930262146762842690e-03 -1.216772290139889190e-03 -4.712542084734337722e-03 -2.527512016348154589e-04 -1.136071376720525217e-02 2.716029125299224134e-03 -1.395821611731296041e-02
1.222826635392942896e-01 -5.449506892095932510e-04 -2.710727928713907442e-01 6.926644161118957616e-03 -1.680170337453601448e-02 -4.862066033729101067e-02 -6.422957220662828259e-03 1.490370557094555792e-02 -2.968100929906514196e-02 -1.951995018985019925e-01 5.144579582640890214e-03 4.652489424516112471e-01 3.206181046117029254e-02 1.144367564199361142e-03 -1.018260643818741373e-01 4.621091959786105541e-02 -2.701834615893242836e-03 -1.035335945766269194e-02 -5.859579200051187597e-03 -1.144163402147513331e-03 -3.695056200254259737e-03
-2.822614064766637565e-02 9.830667238857216522e-05 -2.068820247058678063e-04 -3.573475597654519192e-02 2.068972059077189840e-02 -2.823948485100938322e-02 -1.449061392610334620e-02 -1.198124927379029536e-02 -1.847339781100177519e-02 -6.253895406533316326e-01 1.634658404942902765e-02 3.206183004480361864e-02 7.751383419526414187e-01 -1.932020712766720216e-02 -1.424173720850213654e-01 -7.474894709042639862e-02 -5.390962768265367133e-03 1.523493749726045898e-01 3.451656054533416840e-03 -4.421919360675374833e-04 4.925931744503841969e-03
-3.791219851390081885e-04 -6.248147726088128760e-03 -2.525394538904768282e-04 -1.146124637999056464e-02 1.311471725876089955e-02 -1.540767975400508805e-02 1.620950484526595403e-02 -6.848682277404982699e-03 1.728365997145844130e-02 1.464242113480285212e-02 -2.489991813203577820e-02 1.144367317094940883e-03 -1.932013918012898124e-02 6.168594615837616479e-02 -1.100287254506004953e-02 -2.510457667588561481e-03 -3.652823654916011187e-02 6.901486266489009758e-03 2.819039064389135263e-03 -2.756783272078733305e-04 1.333578004455993060e-03
3.092981281492546142e-02 -1.994408012351940249e-03 8.275767150789370419e-03 -2.777561928291819721e-02 6.887196277477469764e-03 -7.790062182475021579e-03 -9.562668357443460110e-03 -9.562866518236790014e-03 1.073060114826183964e-03 5.759693664048048944e-02 4.930273898435394431e-03 -1.018260735238599168e-01 -1.424177866991283015e-01 -1.100291085353970189e-02 4.551554861727397094e-01 9.001572663564633148e-02 1.024416016860967699e-02 -3.550363137830164773e-01 1.213598125989617804e-03 4.985548426594821336e-04 1.481362117868034733e-04
-4.715564144802675273e-03 7.944078633326592809e-04 -1.110058313935624597e-03 4.865379947352824197e-03 -2.764391881515670946e-03 2.643647040584395924e-03 1.776038587641970423e-03 2.707284622122108075e-03 2.359113250114536209e-04 -3.391309706887724040e-02 -1.216774227727132618e-03 4.621092940174792441e-02 -7.474895328432595853e-02 -2.510453822808164648e-03 9.001525981182367797e-02 1.076326963203172449e-01 3.235387400175610689e-03 -1.379604194847589005e-01 -8.965010663266811952e-04 -2.454597811535341734e-04 -3.526957344582304366e-05
8.891111240236226898e-04 1.634842481245752169e-02 -1.753540459781266492e-04 3.264019511513716748e-03 -7.673493948728848935e-03 6.986522873474176887e-03 -4.565742268897166056e-03 2.731565665631263684e-03 -5.777954370281366409e-03 3.870543884149091340e-03 -4.712545900018363931e-03 -2.701834322001162025e-03 -5.390952582839947382e-03 -3.652824461476168738e-02 1.024413115015276876e-02 3.235388998060195753e-03 2.947674577805873414e-02 -7.554738180315379026e-03 -1.302368268929141037e-03 3.575487262097443164e-04 -1.020773119374956961e-03
1.957688852811945157e-03 3.972687070315228386e-04 2.189543244116021192e-03 3.935253419444333101e-04 -2.290125833609435446e-03 4.026973871775613167e-03 -8.300496919383393291e-04 2.800478896364255732e-03 1.037490927323705958e-03 -1.595836234624670169e-02 -2.527589127079149511e-04 -1.035336597865477160e-02 1.523498162764036490e-01 6.901514616955081727e-03 -3.550363011225327048e-01 -1.379608585417094191e-01 -7.554765444842820310e-03 3.578960275422704562e-01 4.823993479674548723e-05 -1.612145292262390228e-06 2.396315070610222087e-04
2.464252138179023888e-04 -2.457244736356052443e-04 2.951004637041787504e-04 -2.536840886834760417e-02 -6.169164250946490569e-03 -6.654546827713353485e-03 7.395798421856725202e-03 5.303909750675739332e-03 -9.416947745802782543e-04 -2.479948484734872949e-03 -1.136071890069957624e-02 -5.859575022020002688e-03 3.451661819559026512e-03 2.819039120879537896e-03 1.213594500837356094e-03 -8.965003045965924677e-04 -1.302369976998157125e-03 4.824050356400100270e-05 1.765097196956052356e-02 1.095502865317010688e-02 1.189888105966943610e-02
-2.252970789026753629e-04 -2.805668168130129488e-04 1.481461286978458247e-06 -9.038324908745148933e-03 -3.710668490254642737e-01 -8.897787607325610693e-02 -1.786958055943754786e-03 5.605582635487271759e-03 -2.982103419686774753e-03 7.831489682585957013e-04 2.716026503018359461e-03 -1.144157825511138427e-03 -4.421841706681028938e-04 -2.756772695903381143e-04 4.985487206260463822e-04 -2.454594516601571463e-04 3.575474247581762743e-04 -1.608819688581064611e-06 1.095507475821089899e-02 3.629439366469172645e-01 9.260571594454231059e-02
7.278145871536523259e-04 3.860461302573349983e-04 -1.838255586777970407e-04 -6.842719262101660399e-03 -8.616214051040960165e-02 -4.935162590887984257e-02 -3.175672393530837301e-03 6.816068010756515250e-03 5.927312331838099219e-03 -7.498968891572754814e-03 -1.395821551074087619e-02 -3.695055393590496173e-03 4.925931987614928786e-03 1.333579110480986873e-03 1.481341233566801918e-04 -3.526913654183783109e-05 -1.020773196468670319e-03 2.396331229420622932e-04 1.189888301328639181e-02 9.260543561420697678e-02 4.691542719105490367e-02
